              precision    recall  f1-score   support

           W     0.7725    0.7409    0.7564       220
           R     0.7162    0.7227    0.7195       220
           X     0.7689    0.7864    0.7775       220
           E     0.6712    0.6773    0.6742       220

    accuracy                         0.7318       880
   macro avg     0.7322    0.7318    0.7319       880
weighted avg     0.7322    0.7318    0.7319       880
[[163  24  17  16]
 [ 30 159   3  28]
 [ 11   7 173  29]
 [  7  32  32 149]]