              precision    recall  f1-score   support

           W     0.7725    0.7409    0.7564       220
           R     0.7162    0.7227    0.7195       220
           X     0.7824    0.7682    0.7752       220
           E     0.6753    0.7091    0.6918       220

    accuracy                         0.7352       880
   macro avg     0.7366    0.7352    0.7357       880
weighted avg     0.7366    0.7352    0.7357       880
[[163  24  18  15]
 [ 30 159   4  27]
 [ 12   6 169  33]
 [  6  33  25 156]]